--- Melhor Indivíduo da Geração 1 ---
Fitness: 10530
Weights: [0.5415714249713564, 0.26886237548295844, 0.7761207874495106, -0.4260348739874109, -0.9908881795897919, 0.6643106583749459, -0.4826656248145633, 0.6033248365002477, 0.8826901566888914, 0.8458925161992736, 0.3197980221884944, 0.24555656921134927, 0.9424106648448496, -0.5551927634647345, -0.2091814311937461, 0.7207433516262489, -0.3621457799519938, 0.8783554801291444, 0.7453287109605891, 0.21812111044613047, 0.7015652238157566, 0.6553864364634756]

--- Melhor Indivíduo da Geração 2 ---
Fitness: 0
Weights: [0.5489363291310503, -0.4548792070737653, 0.8448790613943391, 0.8943949586785593, 0.885531055496376, -0.9096900848163494, -0.8905875088475275, -0.8401839228984995, 0.12620103827711904, 0.1285548290608065, -0.6395528142773053, 0.9035428082623409, -0.37067895448700633, -0.3684064015274411, -0.013235406037052977, -0.27500485733597696, 0.45388916112494815, 0.10812515570177306, -0.16866772345488212, -0.17848483545402205, -0.38001868596731025, 0.11298794669356327]

--- Melhor Indivíduo da Geração 3 ---
Fitness: 815
Weights: [-0.46583812814350556, 0.8576557843312962, 0.49772221790854565, 0.02609063333569228, 0.37598064541420295, 0.7963394829421152, -0.01121991453027045, -0.7996368348226908, 0.6424199315038854, -0.5718620273697876, -0.7200273207365355, -0.7677762997479693, 0.7267620456505463, 0.7669683599115947, -0.01609526955098395, 0.6876488761045287, -0.11320929176675887, -1.026666918945898, -0.7289920709781996, 0.044882284683512325, 0.5112796859710214, 0.7234949041431131]

--- Melhor Indivíduo da Geração 4 ---
Fitness: 1440
Weights: [-0.22099343457653692, -0.19891981895026745, -0.6294164425387674, -0.8282587378572526, 0.9919941384810678, -0.7238431109339039, -0.3208474242801629, 0.05237727805081231, 0.4136303983567815, 0.07145119200301586, 0.819660481109854, 0.4516555118480841, 0.13478172929991183, 0.22928391243812585, -0.030678814645163976, -0.316620042236774, -0.11320929176675887, -1.026666918945898, -0.7289920709781996, 0.044882284683512325, 0.48901716516720034, 0.7234949041431131]

--- Melhor Indivíduo da Geração 5 ---
Fitness: 2095
Weights: [-0.46583812814350556, 0.8576557843312962, 0.5279640561427394, -0.0738651128293856, 0.37598064541420295, 0.7963394829421152, -0.01121991453027045, -0.8377162235735733, 0.9558218433108774, -0.9279888261364826, 0.4902799415891216, 0.06171392563284818, 0.8327731546132926, 0.265929407980962, 0.5969740923133552, 0.07761947361036392, 0.2737208450326887, 0.676826913307076, -0.17806920525647674, 0.04613090421392667, 0.40181233828387863, 0.402946034628409]

--- Melhor Indivíduo da Geração 6 ---
Fitness: 840
Weights: [0.27225773352737764, 0.8576557843312962, 0.4888751951079063, -0.0738651128293856, 0.37598064541420295, 0.7963394829421152, -0.024515321560409392, -0.8954007717453516, 0.9558218433108774, -0.9988265273362996, 0.5402404839794155, 0.06171392563284818, 0.8327731546132926, 0.265929407980962, 0.5969740923133552, 0.07761947361036392, 0.2737208450326887, 0.7238283878053128, -0.17806920525647674, 0.04613090421392667, 0.42498024394827927, 0.402946034628409]

--- Melhor Indivíduo da Geração 7 ---
Fitness: 615
Weights: [-0.566200328597939, 0.81800217869276, 0.5362115719105949, -0.0738651128293856, 0.37598064541420295, 0.8280128684467075, 0.07466860597438307, -0.8377162235735733, 0.9558218433108774, -0.8878530004716068, 0.4285889991805148, 0.06171392563284818, 0.8327731546132926, 0.28358953173129153, 0.6045703219347788, -0.020754155365387383, 0.2737208450326887, 0.676826913307076, -0.047405153206394636, 0.764065053555803, -0.44697197168697067, 0.3420496181621]

--- Melhor Indivíduo da Geração 8 ---
Fitness: 1345
Weights: [0.27225773352737764, 0.5129914617941329, -1.0975595159371734, -0.5901615778538563, 0.8320730369752565, 0.10628519639157971, 0.8248396389548475, -0.6946524967344043, -0.5200278313000278, 0.1923436548516451, -0.5709036567253745, -0.17809796244483794, -0.5503108634598894, 0.7241923148511464, 0.9219857294630778, -0.7925276972780261, -0.13645027964279144, -0.019943741007117044, -0.18552439286385802, -0.919050605279478, 0.4373392726092026, 0.21388034680062906]

--- Melhor Indivíduo da Geração 9 ---
Fitness: 1550
Weights: [0.27225773352737764, 0.8576557843312962, 0.4888751951079063, -0.0738651128293856, 0.8326357919400637, -0.11539931993791747, 0.8248396389548475, -0.6946524967344043, -0.4977025256055163, 0.06974288663045425, -0.6193765776198743, -0.19173227554373146, -0.485433180467171, 0.7635472495850978, 0.8458950286995958, -0.8702674230529659, -0.17214522484508632, 0.06456592774804626, 0.03693325745604495, 0.764065053555803, -0.5431314204097472, 0.3964833902437222]

--- Melhor Indivíduo da Geração 10 ---
Fitness: 1410
Weights: [0.27225773352737764, 0.5129914617941329, -1.0975595159371734, -0.5901615778538563, 0.8320730369752565, -0.10281146953187204, 0.8100701754216483, -0.7625310968504108, -0.5170516324617233, 0.06974288663045425, -0.6193765776198743, -0.19173227554373146, -0.5503108634598894, 0.7241923148511464, 0.9025380638777217, -0.7925276972780261, -0.13645027964279144, -0.019943741007117044, -0.18552439286385802, -0.919050605279478, 0.4373392726092026, 0.17118297224266563]

--- Melhor Indivíduo da Geração 11 ---
Fitness: 1445
Weights: [-0.565083966218722, 0.8554496986278574, 0.5362115719105949, -0.04866890756141744, 0.3961464494625037, 0.8280128684467075, 0.03384325744750909, -0.766921366658524, 0.9517503704962726, -0.8865583642240343, 0.3371937202384441, -0.14270967544681415, -0.22134347771848037, 0.2724890646516907, 0.7168279443415078, 0.2996627782847572, 0.5789131515625829, -0.052002045934393566, -0.18552439286385802, -0.919050605279478, 0.5425535916923752, 0.21388034680062906]

--- Melhor Indivíduo da Geração 12 ---
Fitness: 0
Weights: [-0.565083966218722, 0.8397186085531321, 0.5019624466942528, -0.08365956244777323, 0.3583397453037906, 0.8280128684467075, 0.037017087257169214, -0.7858286732261827, 0.9278608883614893, -0.8390062099407991, 0.4285889991805148, -0.24070890776037202, -0.539993978370617, 0.7559041612430311, 0.8081842414872671, -0.814073601586885, -0.20629532797906708, -0.019943741007117044, 0.13198885698306773, 0.8042963912847382, -0.44697197168697067, 0.6135603493953509]

--- Melhor Indivíduo da Geração 13 ---
Fitness: 205
Weights: [0.37041722789884807, 0.550900949210293, -0.27543270310743406, -0.07390463173554998, 0.37598064541420295, 0.8280128684467075, 0.8248396389548475, -0.7863822000789826, 0.9558218433108774, -0.7919168723874994, 0.40193398574417416, -0.18988483911201953, -0.31060674884562844, 0.2743147065626805, 0.7375197752294478, -0.19468916030860184, 0.5254842911460271, 0.07611102508478738, -0.16709641789060148, -1.0042262199892453, 0.5466279108659712, 0.21388034680062906]

--- Melhor Indivíduo da Geração 14 ---
Fitness: 1445
Weights: [-0.5685665346910118, 0.82221835567725, 0.4467196004676818, -0.045833324736244296, 0.48214978586494267, 0.6941454396360115, 0.07466860597438307, -0.8377162235735733, 0.9558036760092056, -0.8865583642240343, 0.3371937202384441, -0.1617972138534436, -0.3151082070712535, 0.2799146970614293, 0.6683416646100862, -0.21806380880821274, 0.5225597807484147, 0.07611102508478738, -0.24577891355709897, -1.0042262199892453, 0.5466279108659712, 0.21388034680062906]

--- Melhor Indivíduo da Geração 15 ---
Fitness: 0
Weights: [0.538212136540634, -0.49560011352255634, 0.6974985944433535, -0.10059264956178623, 0.3583397453037906, 0.9581156570590225, -0.08206136784317974, -0.8361429928771833, 0.8606559290701978, -0.8390062099407991, 0.4285889991805148, -0.24070890776037202, -0.539993978370617, 0.7540343660278699, 0.7168279443415078, 0.4970647912664643, 0.4481506387131351, -0.8468449895823807, -0.24999946392361366, 0.889146695433754, -0.46948507538923806, 0.6109719992838676]

--- Melhor Indivíduo da Geração 16 ---
Fitness: 0
Weights: [0.7939333670657934, -0.0003999868610972679, 0.7298634629017772, -0.10059264956178623, 0.4304150288254488, 0.779126584884851, 0.00900376215047579, 0.48824370317553645, 1.0203910235758096, -0.955708676089489, 0.4533658593311288, -0.19173227554373146, -0.5167568061268827, 0.6737178273335832, 0.7222492450322697, -0.7485038004525524, -0.17214522484508632, -0.0338491793332065, -0.23821013010692274, -0.882783417030168, 0.476407791289542, 0.14216613105148854]

--- Melhor Indivíduo da Geração 17 ---
Fitness: 1185
Weights: [0.5812985369678082, -0.49560011352255634, 0.746498430252828, -0.10059264956178623, 0.37869519890881453, 0.9581156570590225, -0.08206136784317974, -0.8361429928771833, 0.8606559290701978, -0.7176587081703367, 0.4200037926979583, -0.17484020764363037, -0.22134347771848037, 0.22678010283167616, 0.7601634071830484, 0.5183636072515544, 0.4481506387131351, -0.7868334454015573, -0.1824827960982447, 0.8186051517464538, -0.49553431922775665, 0.5814960514631273]

--- Melhor Indivíduo da Geração 18 ---
Fitness: 1260
Weights: [0.5812985369678082, -0.49560011352255634, 0.746498430252828, -0.02397357362591795, 0.4222538876863584, 0.8230126545615649, 0.022506556965201704, -0.772528281590186, 0.9568840670386892, -0.969929000302007, 0.5138767546096182, -0.17484020764363037, -0.14558254350363523, 0.2724890646516907, 0.7404307440667178, 0.5367229641033539, 0.4481506387131351, -0.7020742588977487, -0.11930192683414399, 0.8186051517464538, -0.495014812792301, 0.6369896863901068]

--- Melhor Indivíduo da Geração 19 ---
Fitness: 1100
Weights: [0.5586779751885461, -0.49560011352255634, 0.7356775573524493, -0.16109749531331607, 0.40255743592785553, 0.759026123662812, 0.09045555046034158, -0.766921366658524, 0.9202959420438186, -0.8865583642240343, 0.2704024782995275, -0.13596150462074597, -0.1460973152114064, 0.2724890646516907, 0.6936874793602952, 0.24388882967631598, 0.5225597807484147, -0.7694076699252841, -0.15834766082999313, 0.9135922056630147, -0.5341828508352097, 0.219689270913322]

--- Melhor Indivíduo da Geração 20 ---
Fitness: 1465
Weights: [0.7410942717165322, 0.8514522451241546, 0.525386898954455, -0.0016765903988702757, 0.37869519890881453, 0.8513403887505405, -0.08206136784317974, -0.9802228394508555, 0.8084087519000607, -0.7948954433441056, 0.43796530061237343, -0.2290781602348712, -0.27110758900182724, 0.14657536444469738, 0.7168279443415078, 0.4970647912664643, 0.4481506387131351, -0.6724716380827546, -0.2769671557374525, -1.0042262199892453, 0.6628463037499916, 0.6400676389199363]

--- Melhor Indivíduo da Geração 21 ---
Fitness: 7825
Weights: [0.7570013894293629, 0.018288451020003437, -0.19153488663732032, -0.10861736439359804, 0.3800392838273072, 0.9581156570590225, -0.09455651440049369, -0.8599517163937258, 0.8719797613969283, -0.7176587081703367, 0.4923265754424752, -0.16481067283534817, -0.22134347771848037, 0.22678010283167616, 0.7601634071830484, 0.46933250299585366, 0.4481506387131351, -0.6724716380827546, -0.2769671557374525, -1.0042262199892453, 0.5806930295787781, 0.5839963067648077]

--- Melhor Indivíduo da Geração 22 ---
Fitness: 6970
Weights: [0.5586779751885461, -0.49560011352255634, 0.4467196004676818, -0.025756658258103686, 0.3800392838273072, 0.9581156570590225, -0.018655644671344784, -0.8407331416795794, 0.801444890192184, -0.693435779976014, 0.4923265754424752, -0.17484020764363037, -0.27110758900182724, 0.13835047386984756, 0.7251053663095695, 0.49270510770837866, 0.41321261152251093, -0.6724716380827546, -0.2769671557374525, -1.0042262199892453, 0.5806930295787781, 0.2670908761361774]

--- Melhor Indivíduo da Geração 23 ---
Fitness: 0
Weights: [0.7768908192210907, -0.004019948227261415, -0.23351454541654623, -0.015043594613262948, 0.3583397453037906, 0.9581156570590225, -0.21855834618415737, -0.712149624732969, 0.9034118306294242, -0.8390062099407991, 0.38772332744491217, -0.10822733400236695, -0.33245048344409833, 0.14657536444469738, 0.7104534131269242, 0.4970647912664643, 0.3875917630676277, -0.6724716380827546, -0.2769671557374525, -0.98294082468216, 0.6628463037499916, 0.2670908761361774]

--- Melhor Indivíduo da Geração 24 ---
Fitness: 1420
Weights: [-0.648415057321947, -0.44765091589718803, 0.6430544688978447, -0.22611179789144184, 0.3977135744572222, 0.8992232876585545, 0.0556649097102347, -0.8575157538364887, 0.9034118306294242, -0.8390062099407991, 0.38772332744491217, -0.10822733400236695, -0.37646395432385144, 0.14657536444469738, 0.7104534131269242, 0.3829981136200818, 0.3875917630676277, -0.6724716380827546, -0.2769671557374525, -0.98294082468216, 0.6628463037499916, 0.2827289480834951]

--- Melhor Indivíduo da Geração 25 ---
Fitness: 1615
Weights: [0.7994438970754258, -0.07426091340881062, 0.6787175707415246, -0.25438299630307587, 0.3228863389966631, 0.7512636187471903, 0.0556649097102347, -0.8900547508265493, 1.0393488079094702, -0.7946412663196455, 0.38772332744491217, -0.2095714842167563, -0.31373577528825314, 0.1985370767455889, 0.7104534131269242, 0.4970647912664643, 0.3578921228309285, -0.6724716380827546, -0.3160809882101085, -1.1337053758820446, 0.6064360583649386, 0.2670908761361774]

--- Melhor Indivíduo da Geração 26 ---
Fitness: 0
Weights: [0.7885113358664225, 0.04960622430198135, -0.10111067718117608, -0.08719069129746052, 0.3234971835618961, 0.8525713272420999, 0.21767650847686115, -0.8071734543751884, 0.9202959420438186, -0.870841586110153, 0.4867592258341608, -0.11422264443097277, -0.5246693343307373, 0.7776891706416178, 0.867878029151196, -0.8017203472346629, 0.2532679729047211, -0.5454529354689135, -0.0584966261018934, 0.8011542801176849, -0.462692001686285, 0.2670908761361774]

--- Melhor Indivíduo da Geração 27 ---
Fitness: 1375
Weights: [0.7110132000754643, -0.009381762809724463, -0.22941177389031625, -0.08303579938622943, 0.38157597040362423, 0.7977859013544526, 0.02596250467330173, -0.766921366658524, 0.8226571793274453, 0.4303164425397116, 0.36224732544678734, -0.3363006040585282, -0.5246693343307373, 0.8042422786114595, 0.8862999646467518, -0.7727371928066944, 0.46631486352248946, -0.692061730977797, 0.0310005616186438, 0.8849266574676672, -0.38385781708540057, 0.5660507355360611]

--- Melhor Indivíduo da Geração 28 ---
Fitness: 0
Weights: [0.6369926289686662, 0.018288451020003437, -0.2169486741280499, 0.11928100004140199, 0.3583397453037906, 1.0058324069094826, -0.29802335748552455, -0.7431179974768856, 0.9034118306294242, -0.9379655121688378, 0.5065348695091536, -0.08061920677810813, -0.5458452524398536, 0.8082836809463374, 0.8389812111125812, 0.4881115512785592, 0.5159436302983383, 0.09831840872464934, -0.19956304835732164, 0.8849266574676672, -0.38385781708540057, 0.5660507355360611]

--- Melhor Indivíduo da Geração 29 ---
Fitness: 0
Weights: [0.8415604892851103, -0.04674482872161984, -0.3364631691643059, -0.037357922599031056, 0.3451448098354664, 0.9551930124809405, -0.31535849287231094, -0.8500535588132194, 0.8802167878481092, -0.8782697164902916, 0.37561971028586444, -0.38021449405619034, -0.1874469917262768, 0.2028178617302463, 0.8758626862140854, -0.8664855767192238, 0.3875917630676277, -0.6545589593403929, -0.23904960489049004, -1.0042262199892453, 0.7021385538414002, 0.6179387362093047]

--- Melhor Indivíduo da Geração 30 ---
Fitness: 0
Weights: [-0.7469231090242966, -0.5069025039056225, -0.2707023063183023, 0.1034855297175668, 0.38369882821445844, 0.7009260119952486, 0.050139297808939214, -0.766921366658524, 0.8981086306022539, -0.7999817485886327, 0.2753466955821443, -0.21724704704961575, -0.0811960459351992, 0.1738118842103405, 0.8032352475776425, 0.46592673420983033, 0.49146721478234595, -0.7007030593650567, -0.22431525542851835, 0.8076252734176359, -0.49553431922775665, 0.5660507355360611]

--- Melhor Indivíduo da Geração 31 ---
Fitness: 0
Weights: [0.6346990433840936, -0.04674482872161984, -0.22480677198988747, -0.07297887849759817, 0.41804797422986634, 0.9581156570590225, -0.31535849287231094, -0.7107450233012733, 0.8947933104383592, -0.7849801113347997, 0.3463033906740573, -0.38021449405619034, -0.18828751817823003, 0.2028178617302463, 0.8171337935021112, 0.46985767724586536, 0.5402915020498708, 0.09831840872464934, -0.19956304835732164, 0.8849266574676672, -0.3943875039388354, 0.5660507355360611]

--- Melhor Indivíduo da Geração 32 ---
Fitness: 0
Weights: [0.8048943804313743, 0.04597462421156455, -0.24074974415380712, -0.003216009395088988, 0.3374678898368938, 0.8659852432293952, -0.2776890528478441, -0.8036796442095808, 0.948290219994851, -0.8235836488034537, 0.5065348695091536, 0.011680289580912547, -0.5458452524398536, 0.7070966950577805, 0.7985269544942988, 0.4677107714283901, 0.5159436302983383, 0.09831840872464934, -0.22188779831540675, 0.8778406529567926, -0.3943875039388354, 0.4835695500259364]

--- Melhor Indivíduo da Geração 33 ---
Fitness: 0
Weights: [0.7482025865393951, -0.0948845984358979, -0.23792998501017182, -0.020065854157073338, 0.3221688666996197, 0.6857417584972901, 0.050139297808939214, -0.766921366658524, 0.8430307015795325, -0.6328207849575056, 0.2753466955821443, -0.21724704704961575, -0.0811960459351992, 0.20324459260807365, 0.8032352475776425, 0.3855222675776686, 0.4465161363596448, -0.6334307345279517, -0.19956304835732164, 0.8849266574676672, -0.3943875039388354, 0.6137627922318354]

--- Melhor Indivíduo da Geração 34 ---
Fitness: 0
Weights: [0.7481606916234269, -0.10234170841183818, -0.20910898738102882, 0.05369902177321215, 0.3440092046917328, 0.7512636187471903, -0.42784377508191107, -0.7005774874866262, 0.9034118306294242, -0.9468265012047556, 0.404392186473339, -0.04859648316386141, -0.541313879442457, 0.8082836809463374, 0.8548311215424912, 0.5431394705898422, 0.4672127732396426, 0.09831840872464934, -0.31905352786343416, 0.7307426112425504, -0.45066763816070626, 0.5816279265956543]

--- Melhor Indivíduo da Geração 35 ---
Fitness: 0
Weights: [0.595322919269446, -0.04639228074610736, -0.24308823308565347, 0.07072129881305739, 0.395419527167647, 1.0058324069094826, -0.254420908967009, -0.7431179974768856, 0.8396579571556714, -0.9468265012047556, 0.35543415961500324, -0.04859648316386141, -0.6340243090208183, 0.8589979659069493, 0.8389812111125812, 0.4881115512785592, 0.6179272132510031, -0.6898351437992992, -0.01500995132409378, 0.6826060625862109, -0.4214877932813782, 0.4057556715764204]

--- Melhor Indivíduo da Geração 36 ---
Fitness: 0
Weights: [0.6761718286226706, -0.5177861779155232, -0.2812899694453991, 0.15836104941383344, 0.35549038928361787, 0.7415707156646381, -0.42784377508191107, -0.7772095783749692, 0.9034118306294242, -0.9468265012047556, 0.404392186473339, -0.04859648316386141, -0.541313879442457, 0.8082836809463374, 0.8548311215424912, 0.5431394705898422, 0.3764223464141959, 0.09831840872464934, -0.378861788352423, 0.8033380039046683, -0.45066763816070626, 0.5816279265956543]

--- Melhor Indivíduo da Geração 37 ---
Fitness: 0
Weights: [0.6761718286226706, -0.12227515785475754, -0.2229642171536384, 0.0008609659808246142, 0.5573714461156352, 0.9023710117772757, -0.27425762925094815, -0.750913184130694, 0.866362098702248, -0.8243728709547267, 0.42264466653160526, -0.23887282157319453, -0.5290345257290683, 0.8317662152453836, 0.9556520537348752, -0.8720289379429708, 0.42424113717023626, -0.540223047405843, -0.1308946974352228, 0.8657985848131177, -0.40237632473519885, 0.5660507355360611]

--- Melhor Indivíduo da Geração 38 ---
Fitness: 0
Weights: [0.6521352315344308, -0.0395005424076556, -0.3025873523146363, -0.07188267653236488, 0.3451448098354664, 0.9101741317056938, -0.25946727341788295, -0.9285317776487552, 0.8802167878481092, -0.9393089604909461, 0.46137622709756815, -0.035417996675157146, -0.46626118872986844, 0.7707855089046327, 0.8862999646467518, -0.8893938763077059, 0.3317466786708263, -0.6940091410608241, -0.17096761935844912, 0.9098502523517882, -0.42270973556064656, 0.4835695500259364]

--- Melhor Indivíduo da Geração 39 ---
Fitness: 0
Weights: [0.7382539116307226, -0.04674482872161984, -0.28838551157989833, 0.09016693845223962, 0.47112571915540724, 1.020309098564272, -0.3245249748724694, -0.9285317776487552, 0.8802167878481092, -0.9728315386831918, 0.3401239297437462, -0.24486472430872744, -0.687096352368334, 0.8082836809463374, 0.8389812111125812, 0.5203768809228289, 0.620044467698895, 0.1477445303359672, -0.09622628041447794, 0.9337194426139948, -0.4454289690702875, 0.43667475551419]

--- Melhor Indivíduo da Geração 40 ---
Fitness: 0
Weights: [0.7391808525019397, 0.051482882187787654, -0.20910898738102882, 0.05369311981771936, 0.47112571915540724, 1.0058324069094826, -0.27117742844847653, -0.7601321391226669, 0.8847562489927485, -0.8917710577587108, 0.32916809011218773, -0.044194531734235626, -0.5150880751926002, 0.7514083286691129, 0.8862999646467518, 0.4881115512785592, 0.3317466786708263, -0.6495382671165485, 0.053484298021320376, 1.019690782409262, -0.36740556186336276, 0.5797108600099173]

--- Melhor Indivíduo da Geração 41 ---
Fitness: 0
Weights: [0.6934740702163438, -0.07868760185138646, -0.32269767091317286, -0.07188267653236488, 0.23723589623699876, 0.9101741317056938, -0.46284397278713973, -0.8300383953659888, 0.987476532106881, -0.8325664274079375, 0.23134946149972063, -0.3159020429317019, -0.1858852177379614, 0.12501864504551746, 0.893138483857578, 0.4881115512785592, 0.3317466786708263, -0.6067250770409185, 0.053484298021320376, 0.7445969876098987, -0.35130169145568624, 0.5797108600099173]

--- Melhor Indivíduo da Geração 42 ---
Fitness: 0
Weights: [0.7856239086682928, -0.1111278501887676, -0.20910898738102882, 0.026998783880294294, 0.4843108651714453, 1.0058324069094826, -0.3182505525457301, -0.7601321391226669, 0.8068485570039924, -0.9379655121688378, 0.2963747649319892, -0.044194531734235626, -0.5150880751926002, 0.7339904771469072, 0.8862999646467518, 0.5599829544568631, 0.5804403944550484, 0.06226581945823222, -0.13436020440789265, 0.794989606990957, -0.4414605956526988, 0.53943620012991]

--- Melhor Indivíduo da Geração 43 ---
Fitness: 0
Weights: [0.6414617914611364, -0.08122513799527076, -0.3631131170774946, -0.07188267653236488, 0.3451448098354664, 0.9096041889558825, -0.2700003042229061, -0.921423046846497, 0.9300089017305276, -0.8288194458739248, 0.20771649709250967, -0.39495075100192906, -0.252574033347737, 0.24997099311946766, 0.8163900417888138, 0.5058828684137656, 0.5358216963375048, 0.07288496354789975, -0.2348528614472232, 0.8171361115820448, -0.4414605956526988, 0.5694814585467857]

--- Melhor Indivíduo da Geração 44 ---
Fitness: 0
Weights: [0.7065772356087726, -0.12728494549409974, -0.20910898738102882, -0.004285234301688902, 0.4668683265589525, 0.9177213847640924, -0.21168689664270168, -0.9285317776487552, 0.91754185158655, -0.9653775127346581, 0.45251045479609875, -0.05232618134132924, -0.5459925418056149, 0.8068835751035133, 0.8862999646467518, -0.8893938763077059, 0.49860294872508976, 0.07288496354789975, -0.32510703558306625, 0.7412585462221266, -0.4414605956526988, 0.640976511002739]

--- Melhor Indivíduo da Geração 45 ---
Fitness: 0
Weights: [0.7223968653166701, -0.1574421544527464, -0.20910898738102882, -0.06304525246320528, 0.3783293752882539, 0.8587331114389432, -0.31261992543493994, -0.8467118319953273, 0.9350514562214187, -0.7850513261244136, 0.45251045479609875, 0.15479819424168367, -0.47741087037272834, 0.871020977463515, 0.9411305804940376, -0.7981948029752242, 0.49860294872508976, 0.07288496354789975, -0.31905352786343416, 0.7782915177294468, -0.4414605956526988, 0.4945089861958006]

--- Melhor Indivíduo da Geração 46 ---
Fitness: 0
Weights: [0.6185052704505699, -0.10165304789301317, -0.3222402859368304, -0.05510526436051658, 0.3451448098354664, 0.9101741317056938, -0.3253117186628471, -0.9562703731198157, 0.8802167878481092, -1.0142459846067768, 0.23839458307662875, -0.3933893230847053, -0.2477750088041406, 0.23119649785389756, 0.8163900417888138, 0.4452854329319812, 0.5492817768708871, 0.06088832724660297, -0.3258930611589846, 0.7654313690685042, -0.4687389787009592, 0.558015824865156]

--- Melhor Indivíduo da Geração 47 ---
Fitness: 0
Weights: [0.6560837308725009, -0.13014320070888874, -0.2839068814529323, -0.001832504291907175, 0.5035542333543984, 0.9331733660687331, -0.2022953126000681, -0.9451939403271421, 0.8830861358798046, -0.9907170072325381, 0.3776655481052501, 0.06334886396909964, -0.46626118872986844, 0.8068835751035133, 0.8503959080979576, -0.7526706573451197, 0.5584456960291883, 0.03920286339102242, -0.31905352786343416, 0.7873172505596103, -0.39276336055129946, 0.5342590431146345]

--- Melhor Indivíduo da Geração 48 ---
Fitness: 0
Weights: [0.5956366334483589, -0.13014320070888874, -0.25687302236578785, -0.004285234301688902, 0.4668683265589525, 0.8608822455333847, -0.2755255532453349, -0.9285317776487552, 0.8961380704104907, -0.928418720496567, 0.429323514819791, -0.05811439486028158, -0.48433569578964397, 0.8762688480808639, 0.8502903800729698, 0.641257422482162, 0.5686844234595885, 0.03921069835740043, -0.3844408611589208, 0.7646334187765259, -0.41236753375242036, 0.6860002204075599]

--- Melhor Indivíduo da Geração 49 ---
Fitness: 0
Weights: [0.7851393091606478, -0.21201219413758504, -0.23775983737901643, 0.0018782381566786722, 0.23180963343363092, 0.8935650881514701, -0.26155447057917297, -0.9712096066496174, 0.882779381226988, -0.928418720496567, 0.429323514819791, -0.05811439486028158, -0.5257188395402118, 0.8762688480808639, 0.8502903800729698, 0.641257422482162, 0.5852328706951734, 0.03921069835740043, -0.3844408611589208, 0.7646334187765259, -0.48068534758295767, 0.6711772892228598]

--- Melhor Indivíduo da Geração 50 ---
Fitness: 0
Weights: [0.6529059109902406, -0.1720273012234636, -0.25687302236578785, -0.001832504291907175, 0.5414757142367144, 0.9522388818681577, -0.21056234625012965, -0.9562703731198157, 0.8248234168843623, -1.0142459846067768, 0.46855550744116137, -0.07171487550034505, -0.6516400382734587, 0.6961222139218491, 0.9015020246075023, 0.4452854329319812, 0.5031641554520708, 0.06198127461522197, -0.31905352786343416, 0.6486887767199806, -0.4101606183615397, 0.4544814914588216]

--- Melhor Indivíduo da Geração 51 ---
Fitness: 0
Weights: [0.7851393091606478, -0.21201219413758504, -0.18441907590524836, -0.05509039469261297, 0.4668683265589525, 1.0533677422271805, -0.21168689664270168, -0.9603571727805083, 0.7310020181637966, -0.9136301912289942, 0.4439986054603779, -0.05106886981690465, -0.5893607084268564, 0.8431567048550296, 0.885681256924481, -1.0262057256704833, 0.3783139150227923, 0.08920216245318902, -0.36580602653783034, 0.7909881021059251, -0.3626928436200949, 0.6875186305489053]

--- Melhor Indivíduo da Geração 52 ---
Fitness: 0
Weights: [0.7769685604296073, -0.16513433061918806, -0.21541842708942122, -0.024197939014198037, 0.1641626235892733, 0.8930306796329985, -0.3352348588599985, -1.0112768269429837, 0.9207779219576745, -0.928418720496567, 0.44682471158795983, -0.115747893525909, -0.46626118872986844, 0.7770923292462234, 0.9173096241226717, 0.5742951318617598, 0.6075013684809261, 0.026095447180775486, -0.3032834937169927, 0.7528690027417638, -0.5382803263734688, 0.5424409897388314]

--- Melhor Indivíduo da Geração 53 ---
Fitness: 0
Weights: [0.6885663391012775, -0.21201219413758504, -0.23775983737901643, 0.03208714385745491, 0.5127593392724432, 0.8480936499057004, -0.2714046378465513, -0.946802221503464, 1.0450767346197958, -0.7984052200179798, 0.44532613128781845, -0.115747893525909, -0.46626118872986844, 0.7770923292462234, 0.8801627032197448, -0.8213785766190709, 0.3757614211663559, -0.03149628921804631, -0.31905352786343416, 0.9415846671733097, -0.5382803263734688, 0.60885628500367]

--- Melhor Indivíduo da Geração 54 ---
Fitness: 0
Weights: [0.7310070064190846, -0.05430549110331523, -0.36059745580121205, -0.05510526436051658, 0.29241837290017975, 0.8930306796329985, -0.21168689664270168, -0.9603571727805083, 0.730200431684378, -0.9136301912289942, 0.4439986054603779, -0.05106886981690465, -0.4968478581299896, 0.7157351284120452, 0.9297736421814915, -0.8617429133920511, 0.2737775335284911, 0.07374257020592768, -0.3844408611589208, 0.677788636976367, -0.3626928436200949, 0.6875186305489053]

--- Melhor Indivíduo da Geração 55 ---
Fitness: 0
Weights: [0.6924981221908297, -0.16340649958146494, -0.3173218791618587, -0.05510526436051658, 0.29241837290017975, 0.9280954093720106, -0.21168689664270168, -0.9320254620553301, 0.7323582183027487, -1.0219950424975819, 0.4816830073275492, -0.12512869299583795, -0.5453371519935136, 0.7378048987561638, 0.9949662839279938, -0.9907505040438682, 0.2635402640080183, 0.07374257020592768, -0.3844408611589208, 0.677788636976367, -0.3626928436200949, 0.6251310221579505]

--- Melhor Indivíduo da Geração 56 ---
Fitness: 0
Weights: [0.76727305085456, -0.14982555428704955, -0.3173218791618587, -0.005633396518160617, 0.307742420740325, 0.9280954093720106, -0.21168689664270168, -0.9320254620553301, 0.7323582183027487, -1.0219950424975819, 0.4816830073275492, -0.12512869299583795, -0.5453371519935136, 0.7378048987561638, 0.9949662839279938, -0.9907505040438682, 0.18355860224175805, 0.07374257020592768, -0.3844408611589208, 0.677788636976367, -0.27341765334792506, 0.6875186305489053]

--- Melhor Indivíduo da Geração 57 ---
Fitness: 0
Weights: [0.76727305085456, -0.11631423784188022, -0.3173218791618587, -0.005633396518160617, 0.307742420740325, 0.9280954093720106, -0.20169548032579748, -0.8119473092353314, 0.7310020181637966, -0.9010964575608222, 0.474111052772229, -0.05811439486028158, -0.5257188395402118, 0.7157351284120452, 0.9897733601577565, -0.8903277554892806, 0.19489075825815494, 0.13770572606029974, -0.3570980449558888, 0.8578341586948482, -0.38724068774567605, 0.9107240867795978]

--- Melhor Indivíduo da Geração 58 ---
Fitness: 0
Weights: [0.698434334802485, -0.17917252024967165, -0.31471920661906844, -0.05510526436051658, 0.27906344654303666, 1.0281584133267487, -0.23500019093747337, -1.0961205038195478, 0.7129496898284772, -1.0303677210725934, 0.5664426912415572, -0.3192530665807487, -0.5983047111710859, 0.649519320419863, 0.9086278518256632, -0.9958729545699807, 0.34557290976375704, 0.04162096994187652, -0.22081350251457105, 0.8076352308231689, -0.49374970499857546, 0.614211984682231]

--- Melhor Indivíduo da Geração 59 ---
Fitness: 0
Weights: [0.818130771054569, -0.09282052285203674, -0.36059745580121205, -0.1232355909300755, 0.32711729138253615, 0.8138091619719567, -0.1418218609155137, -0.9603571727805083, 0.7310020181637966, -0.9507568015668111, 0.4030652906950699, -0.08993821034482441, -0.5257188395402118, 0.7157351284120452, 0.9257939596741335, -0.9058290094119225, 0.18355860224175805, 0.07374257020592768, -0.3844408611589208, 0.6914458996586149, -0.42922776123531964, 0.6653074794900259]

--- Melhor Indivíduo da Geração 60 ---
Fitness: 0
Weights: [0.698434334802485, -0.17917252024967165, -0.31471920661906844, -0.05510526436051658, 0.27906344654303666, 1.0281584133267487, -0.22937667396596184, -1.0961205038195478, 0.7129496898284772, -1.0481579204138836, 0.5664426912415572, -0.30492019423296096, -0.5983047111710859, 0.649519320419863, 0.9473652869538505, -1.0208300206469711, 0.34557290976375704, 0.0383533835307439, -0.23837653209454923, 0.8253629077821745, -0.49374970499857546, 0.614211984682231]

--- Melhor Indivíduo da Geração 61 ---
Fitness: 0
